# Mycielskian graph based on path of size 10
# Format: source target weight
0 1 0.289406
0 10 0.329499
1 0 0.289406
1 2 0.572318
1 11 0.430006
2 1 0.572318
2 3 0.385955
2 12 0.886036
3 2 0.385955
3 4 0.727056
3 13 0.472044
4 3 0.727056
4 5 0.878741
4 14 0.664568
5 4 0.878741
5 6 0.340947
5 15 0.115300
6 5 0.340947
6 7 0.216808
6 16 0.541067
7 6 0.216808
7 8 0.127613
7 17 0.564954
8 7 0.127613
8 9 0.530453
8 18 0.503061
9 8 0.530453
9 19 0.136180
10 0 0.329499
10 11 0.289406
10 20 0.101231
11 1 0.430006
11 10 0.289406
11 12 0.572318
11 20 0.951931
12 2 0.886036
12 11 0.572318
12 13 0.385955
12 20 0.166267
13 3 0.472044
13 12 0.385955
13 14 0.727056
13 20 0.110531
14 4 0.664568
14 13 0.727056
14 15 0.878741
14 20 0.164292
15 5 0.115300
15 14 0.878741
15 16 0.340947
15 20 0.118115
16 6 0.541067
16 15 0.340947
16 17 0.216808
16 20 0.902439
17 7 0.564954
17 16 0.216808
17 18 0.127613
17 20 0.169643
18 8 0.503061
18 17 0.127613
18 19 0.530453
18 20 0.940098
19 9 0.136180
19 18 0.530453
19 20 0.291373
20 10 0.101231
20 11 0.951931
20 12 0.166267
20 13 0.110531
20 14 0.164292
20 15 0.118115
20 16 0.902439
20 17 0.169643
20 18 0.940098
20 19 0.291373
